valid = true;

default_url = "dc1394://";

isrc_feature = [ 1, 495, 612, 0, 0, 0, 0, 0, 0, 1, 1];

loRes        = false;
color16      = false;
fps          = 15;
max_fps_lo   = 120; // max framerate on low resoltion
max_fps_hi   = 60; // max framerate on low resoltion

tagSize   = 0.152;

//logging
dir = "/tmp/imageLog/";
log = "default.log";

LENGTH_FC = 2;
LENGTH_CC = 2;
LENGTH_KC = 5;
LENGTH_X = 6;

b09d01008b51b8 { //calibrated 
    valid = true;
    id = 0;
    fc = [ 477.58538   477.44867 ];   
    cc = [ 382.09257   257.16459 ];
    kc = [ -0.29415   0.12798   0.00056   0.00014  0.00000 ];
    alpha = 0;
    xyzrpy = [ 0,0,0,0,0,0 ];
}

b09d01008b51ab { //calibrated
    valid = true;
    id = 1;
    fc = [ 478.74340   478.86073 ];   
    cc = [ 357.49370   242.30900 ];
    kc = [ -0.30937   0.14243   -0.00090   0.00015  0.00000 ];
    alpha = 0;
    xyzrpy = [ -0.22284761506111805, -1.4921036575117819, -0.0641843616053227, -0.034034609647516804, -0.011585697745132552, -0.09875723834116486 ];
}

b09d01008b51b9 { //calibrated
    valid = true;
    id = 2;
    fc = [ 484.76532   484.88552 ];   
    cc = [ 366.02802   241.00994 ];
    kc = [ -0.30099   0.11797   -0.00038   -0.00022  0.00000 ];
    alpha = 0;
    xyzrpy = [ -2.2756382272634865, 0.2013099960542902, -0.1006282866339861, -0.09138051381595418, -0.01017165403894136, 0.026913352409934796 ];
}

b09d01009a46a8 {
    valid = true;
    id = 3;
    fc = [ 477.73045, 478.72077 ];   
    cc = [ 393.83418, 256.00990 ];
    kc = [ -0.27777, 0.08649, 0.00082, 0.00093, 0.00000 ];
    alpha = 0;
    xyzrpy = [ 0,0,0,0,0,0 ];
}

b09d01009a46b6 { // calibrated
    valid = true;
    id = 4;
    fc = [ 478.70591   478.57371  ];   
    cc = [ 356.57595   260.67082 ];
    kc = [ -0.29225   0.11234   0.00123   0.00044  0.00000 ];
    alpha = 0;
    xyzrpy = [ 0,0,0,0,0,0 ];
}

b09d01009a46bd { // calibrated
    valid = true;
    id = 5;
    fc = [ 479.07458   479.27614 ];   
    cc = [ 352.59233   221.31788 ];
    kc = [ -0.31917   0.15928   0.00198   -0.00040  0.00000 ];
    alpha = 0;
    xyzrpy = [ 0,0,0,0,0,0 ];
}

b09d01008c3f62 {
    valid = true;
    id = 10;
    fc = [ 477.73045, 478.72077 ];   
    cc = [ 393.83418, 256.00990 ];
    kc = [ -0.27777, 0.08649, 0.00082, 0.00093, 0.00000 ];
    alpha = 0;
    xyzrpy = [ 0,0,0,0,0,0 ];
}

b09d01008c3f6a {
    valid = true;
    id = 11;
    fc = [ 477.73045, 478.72077 ];   
    cc = [ 393.83418, 256.00990 ];
    kc = [ -0.27777, 0.08649, 0.00082, 0.00093, 0.00000 ];
    alpha = 0;
    xyzrpy = [ 0,0,0,0,0,0 ];
}

b09d01008e366c {
    valid = true;
    id = 12;
    fc = [ 477.73045, 478.72077 ];   
    cc = [ 393.83418, 256.00990 ];
    kc = [ -0.27777, 0.08649, 0.00082, 0.00093, 0.00000 ];
    alpha = 0;
    xyzrpy = [ 0,0,0,0,0,0 ];
}

b09d010090f997 {
    valid = true;
    id = 13;
    fc = [ 477.73045, 478.72077 ];   
    cc = [ 393.83418, 256.00990 ];
    kc = [ -0.27777, 0.08649, 0.00082, 0.00093, 0.00000 ];
    alpha = 0;
    xyzrpy = [ 0,0,0,0,0,0 ];
}

sync {                                  // SyncErrorDetector1394 settings
    valid = true;
    samples         = 10;               // 20 sample history
    chi2Tolerance   = 0.001;            // Tolerate Chi^2 error under...
    minimumSlope    = 0.01;             // Minimum slope for timestamp
    timeThresh      = 0.0;              // Suggest restart after holding bad sync for _ seconds
    verbosity       = 0;                // Debugging output level (0=almost none)
    gui             = false;
}

//tags
tag_detector {
    valid = true;
    family      = "Tag36h11";               // tag family for detections

    segSigma    = 1;
    sigma       = 0;
    minMag      = 0.004;
    maxEdgeCost_deg = 30;
    magThresh   = 2000;
    thetaThresh = 100;
    errorBits   = 0;
    weightScale = 100;
    decimate    = false;
    pxRadiusMax = 200;                      // pixel radius from optical center for tag detections
}

